1000 422
1000 442
1000 428
1000 714
1000 373
1000 401
1000 401
1000 389
1000 406
1000 417
1000 404
1000 395
1000 398
1000 393
1000 412
1000 410
1000 597
1000 361
1000 417
1000 407
1000 413
1000 398
1000 394
1000 400
1000 415
1000 395
1000 390
1000 400
1000 393
1000 364
1000 550
1000 393
1000 467
1000 555
1000 382
1000 1181
1000 396
1000 393
1000 577
1000 398
1000 390
1000 393
1000 395
1000 401
1000 420
1000 412
1000 404
1000 418
1000 407
1000 427
1000 422
1000 474
1000 405
1000 399
1000 410
1000 407
1000 393
1000 385
1000 394
1000 413
1000 423
1000 366
1000 392
1000 365
1000 392
1000 305
1000 305
1000 226
1000 218
1000 181
1000 194
1000 199
1000 195
1000 193
1000 186
1000 180
1000 170
1000 187
1000 164
1000 185
1000 186
1000 181
1000 452
1000 162
1000 164
1000 163
1000 195
1000 195
1000 196
1000 194
1000 164
1000 196
1000 171
1000 164
1000 189
1000 198
1000 198
1000 192
1000 198
1000 206
10000 672
10000 709
10000 710
10000 713
10000 697
10000 711
10000 719
10000 711
10000 719
10000 689
10000 700
10000 694
10000 741
10000 708
10000 709
10000 694
10000 726
10000 718
10000 738
10000 723
10000 732
10000 712
10000 741
10000 719
10000 743
10000 818
10000 718
10000 710
10000 715
10000 723
10000 728
10000 3730
10000 914
10000 695
10000 715
10000 717
10000 723
10000 737
10000 718
10000 733
10000 730
10000 789
10000 726
10000 726
10000 717
10000 749
10000 725
10000 710
10000 694
10000 733
10000 718
10000 742
10000 705
10000 738
10000 719
10000 721
10000 724
10000 719
10000 725
10000 702
10000 720
10000 729
10000 730
10000 721
10000 724
10000 723
10000 836
10000 735
10000 721
10000 723
10000 718
10000 727
10000 716
10000 728
10000 720
10000 703
10000 731
10000 735
10000 717
10000 732
10000 716
10000 730
10000 726
10000 720
10000 807
10000 692
10000 875
10000 677
10000 670
10000 716
10000 718
10000 844
10000 720
10000 722
10000 951
10000 719
10000 716
10000 716
10000 715
10000 717
100000 6281
100000 6491
100000 6342
100000 6437
100000 6309
100000 6431
100000 6349
100000 6312
100000 6321
100000 6314
100000 6325
100000 6319
100000 6313
100000 6317
100000 6317
100000 6311
100000 6314
100000 6310
100000 6602
100000 6314
100000 6328
100000 6316
100000 6319
100000 6311
100000 6323
100000 6308
100000 6306
100000 6313
100000 6321
100000 6318
100000 6310
100000 6279
100000 6441
100000 6332
100000 6422
100000 6309
100000 6422
100000 6328
100000 6425
100000 6328
100000 6441
100000 6309
100000 6438
100000 6362
100000 6432
100000 6305
100000 6415
100000 6314
100000 6443
100000 6321
100000 6426
100000 6309
100000 6401
100000 6316
100000 6429
100000 6313
100000 6453
100000 6303
100000 6439
100000 6300
100000 6436
100000 6343
100000 6437
100000 6306
100000 6382
100000 6294
100000 6427
100000 6409
100000 6440
100000 6345
100000 6445
100000 6306
100000 6444
100000 6309
100000 6428
100000 6310
100000 6377
100000 6317
100000 6435
100000 6315
100000 6442
100000 6309
100000 6398
100000 6304
100000 6407
100000 6311
100000 6432
100000 6318
100000 6429
100000 6324
100000 6428
100000 6316
100000 6433
100000 6318
100000 6410
100000 6293
100000 6422
100000 6317
100000 6437
100000 6320
1000000 62636
1000000 62613
1000000 62539
1000000 62634
1000000 62577
1000000 62613
1000000 62564
1000000 63005
1000000 62614
1000000 62615
1000000 62508
1000000 62810
1000000 62572
1000000 62736
1000000 62587
1000000 63026
1000000 62614
1000000 62683
1000000 62899
1000000 62853
1000000 62644
1000000 62524
1000000 62645
1000000 62711
1000000 62543
1000000 62667
1000000 62801
1000000 62462
1000000 62588
1000000 63013
1000000 63392
1000000 62608
1000000 62581
1000000 62622
1000000 62589
1000000 62519
1000000 62582
1000000 62584
1000000 62465
1000000 62717
1000000 62600
1000000 62751
1000000 62573
1000000 62850
1000000 62599
1000000 62580
1000000 62476
1000000 63731
1000000 62650
1000000 62517
1000000 62546
1000000 63111
1000000 62606
1000000 62607
1000000 62477
1000000 62730
1000000 62603
1000000 62856
1000000 62582
1000000 62634
1000000 62764
1000000 62639
1000000 62528
1000000 62535
1000000 62567
1000000 63002
1000000 62581
1000000 63460
1000000 62494
1000000 62778
1000000 62608
1000000 62499
1000000 62617
1000000 62612
1000000 62470
1000000 62572
1000000 62816
1000000 62833
1000000 62586
1000000 62519
1000000 62614
1000000 62644
1000000 62559
1000000 62606
1000000 62574
1000000 62689
1000000 62567
1000000 62708
1000000 62490
1000000 62564
1000000 62603
1000000 62989
1000000 62577
1000000 62873
1000000 62579
1000000 63045
1000000 62441
1000000 62957
1000000 62525
1000000 65712
1000 174
1000 141
1000 128
1000 147
1000 159
1000 122
1000 163
1000 145
1000 145
1000 144
1000 152
1000 163
1000 152
1000 122
1000 150
1000 143
1000 152
1000 134
1000 147
1000 184
1000 155
1000 151
1000 134
1000 155
1000 191
1000 132
1000 116
1000 109
1000 156
1000 129
1000 160
1000 158
1000 147
1000 167
1000 159
1000 153
1000 149
1000 149
1000 124
1000 124
1000 188
1000 153
1000 159
1000 151
1000 157
1000 158
1000 158
1000 155
1000 130
1000 156
1000 158
1000 148
1000 122
1000 159
1000 154
1000 125
1000 141
1000 159
1000 135
1000 137
1000 130
1000 165
1000 142
1000 134
1000 144
1000 139
1000 173
1000 176
1000 136
1000 156
1000 155
1000 159
1000 162
1000 125
1000 112
1000 137
1000 151
1000 165
1000 120
1000 160
1000 163
1000 124
1000 134
1000 143
1000 156
1000 128
1000 153
1000 148
1000 3108
1000 355
1000 118
1000 115
1000 127
1000 152
1000 159
1000 136
1000 146
1000 149
1000 150
1000 161
10000 396
10000 390
10000 405
10000 388
10000 409
10000 718
10000 407
10000 451
10000 411
10000 395
10000 397
10000 401
10000 413
10000 412
10000 405
10000 394
10000 414
10000 533
10000 382
10000 387
10000 405
10000 396
10000 402
10000 384
10000 408
10000 396
10000 403
10000 417
10000 413
10000 415
10000 410
10000 385
10000 408
10000 412
10000 406
10000 388
10000 390
10000 405
10000 406
10000 420
10000 404
10000 401
10000 410
10000 385
10000 406
10000 385
10000 396
10000 368
10000 402
10000 409
10000 408
10000 383
10000 389
10000 393
10000 415
10000 403
10000 386
10000 406
10000 405
10000 420
10000 415
10000 407
10000 384
10000 404
10000 444
10000 382
10000 407
10000 553
10000 383
10000 407
10000 401
10000 410
10000 407
10000 411
10000 396
10000 393
10000 403
10000 409
10000 404
10000 407
10000 412
10000 449
10000 522
10000 387
10000 405
10000 402
10000 402
10000 412
10000 410
10000 410
10000 384
10000 393
10000 409
10000 409
10000 406
10000 406
10000 404
10000 406
10000 395
10000 416
100000 3347
100000 3206
100000 3224
100000 3343
100000 3216
100000 3231
100000 3336
100000 3241
100000 3194
100000 3224
100000 3223
100000 3186
100000 4021
100000 3202
100000 3213
100000 3227
100000 3196
100000 3188
100000 3214
100000 3200
100000 3193
100000 3222
100000 3332
100000 3212
100000 3239
100000 3339
100000 3214
100000 3216
100000 3371
100000 3223
100000 3223
100000 3338
100000 3926
100000 3232
100000 3331
100000 3203
100000 3203
100000 3217
100000 3198
100000 3243
100000 3215
100000 3217
100000 3222
100000 3208
100000 3210
100000 3196
100000 3216
100000 3335
100000 3222
100000 3223
100000 3329
100000 3211
100000 3233
100000 3306
100000 3215
100000 3222
100000 3223
100000 3191
100000 3218
100000 3210
100000 3206
100000 3224
100000 3205
100000 3329
100000 3307
100000 3212
100000 3217
100000 3307
100000 3209
100000 3326
100000 3253
100000 3212
100000 4633
100000 3216
100000 3313
100000 3322
100000 3221
100000 3226
100000 3353
100000 3240
100000 3211
100000 3340
100000 3223
100000 3214
100000 3343
100000 3224
100000 3212
100000 3214
100000 3205
100000 3220
100000 3210
100000 3198
100000 3273
100000 3212
100000 3213
100000 3217
100000 3215
100000 3333
100000 3214
100000 3222
1000000 31448
1000000 31399
1000000 31389
1000000 31406
1000000 31423
1000000 31436
1000000 31404
1000000 38266
1000000 31325
1000000 31425
1000000 31416
1000000 31449
1000000 31433
1000000 31452
1000000 31412
1000000 31453
1000000 31425
1000000 31466
1000000 31441
1000000 31431
1000000 31379
1000000 31443
1000000 31426
1000000 31454
1000000 31415
1000000 31447
1000000 31563
1000000 31441
1000000 31448
1000000 31385
1000000 31444
1000000 31580
1000000 31415
1000000 31441
1000000 31414
1000000 31419
1000000 31426
1000000 31315
1000000 31445
1000000 31345
1000000 31424
1000000 31345
1000000 31448
1000000 31374
1000000 31459
1000000 31397
1000000 31426
1000000 31437
1000000 31447
1000000 31413
1000000 31474
1000000 31445
1000000 31437
1000000 31449
1000000 31432
1000000 31788
1000000 31432
1000000 31412
1000000 31442
1000000 31446
1000000 31453
1000000 31435
1000000 31404
1000000 31453
1000000 31451
1000000 31426
1000000 31572
1000000 31392
1000000 31431
1000000 31417
1000000 31428
1000000 31456
1000000 31516
1000000 31414
1000000 31500
1000000 31418
1000000 31451
1000000 31450
1000000 31358
1000000 31894
1000000 31317
1000000 31387
1000000 31329
1000000 31416
1000000 31332
1000000 31418
1000000 31337
1000000 31390
1000000 31413
1000000 31508
1000000 31411
1000000 31441
1000000 31411
1000000 31448
1000000 31422
1000000 31464
1000000 31404
1000000 31428
1000000 31450
1000000 31465
1000 259
1000 226
1000 173
1000 161
1000 183
1000 193
1000 327
1000 193
1000 400
1000 383
1000 172
1000 380
1000 361
1000 185
1000 211
1000 406
1000 185
1000 178
1000 319
1000 406
1000 162
1000 156
1000 181
1000 368
1000 175
1000 222
1000 336
1000 150
1000 166
1000 425
1000 291
1000 271
1000 195
1000 397
1000 187
1000 331
1000 237
1000 368
1000 195
1000 169
1000 277
1000 130
1000 186
1000 180
1000 158
1000 368
1000 175
1000 322
1000 198
1000 342
1000 188
1000 189
1000 1122
1000 1597
1000 220
1000 663
1000 412
1000 429
1000 337
1000 177
1000 348
1000 168
1000 252
1000 144
1000 167
1000 3694
1000 194
1000 154
1000 168
1000 161
1000 188
1000 365
1000 289
1000 188
1000 314
1000 330
1000 280
1000 373
1000 163
1000 157
1000 153
1000 181
1000 186
1000 363
1000 197
1000 376
1000 133
1000 399
1000 182
1000 382
1000 163
1000 515
1000 171
1000 398
1000 172
1000 396
1000 169
1000 358
1000 179
1000 139
10000 582
10000 596
10000 584
10000 437
10000 389
10000 519
10000 425
10000 583
10000 588
10000 592
10000 418
10000 424
10000 558
10000 529
10000 419
10000 389
10000 527
10000 434
10000 523
10000 520
10000 386
10000 518
10000 510
10000 504
10000 538
10000 661
10000 590
10000 435
10000 489
10000 427
10000 423
10000 536
10000 492
10000 526
10000 474
10000 452
10000 587
10000 512
10000 599
10000 529
10000 442
10000 401
10000 415
10000 515
10000 575
10000 515
10000 456
10000 604
10000 592
10000 540
10000 589
10000 447
10000 446
10000 415
10000 412
10000 399
10000 501
10000 482
10000 300
10000 399
10000 651
10000 582
10000 582
10000 424
10000 427
10000 425
10000 421
10000 534
10000 424
10000 547
10000 3725
10000 632
10000 416
10000 581
10000 533
10000 420
10000 417
10000 614
10000 528
10000 508
10000 517
10000 517
10000 516
10000 422
10000 439
10000 529
10000 512
10000 401
10000 494
10000 443
10000 474
10000 500
10000 455
10000 411
10000 452
10000 420
10000 418
10000 401
10000 582
10000 433
100000 2311
100000 3222
100000 3249
100000 2688
100000 3215
100000 3251
100000 3269
100000 3254
100000 1646
100000 3231
100000 3364
100000 3234
100000 3236
100000 2959
100000 2606
100000 3251
100000 1651
100000 3255
100000 3252
100000 1697
100000 3356
100000 1652
100000 3231
100000 3240
100000 3266
100000 1643
100000 3232
100000 3369
100000 3247
100000 3297
100000 3358
100000 3249
100000 3258
100000 3364
100000 2952
100000 3270
100000 3239
100000 2333
100000 3247
100000 3236
100000 3223
100000 3527
100000 3241
100000 3344
100000 1651
100000 3246
100000 3359
100000 3260
100000 3248
100000 1644
100000 1657
100000 3260
100000 3230
100000 3364
100000 3248
100000 1661
100000 3245
100000 3259
100000 1653
100000 3252
100000 3351
100000 3209
100000 3256
100000 3379
100000 3237
100000 1708
100000 3374
100000 1646
100000 3244
100000 3253
100000 3347
100000 3229
100000 3260
100000 3357
100000 3236
100000 3253
100000 2486
100000 2028
100000 3241
100000 3277
100000 2746
100000 2907
100000 3259
100000 1638
100000 3346
100000 1651
100000 1665
100000 1656
100000 3240
100000 3228
100000 3357
100000 3263
100000 3241
100000 3378
100000 3170
100000 1709
100000 2262
100000 3358
100000 1640
100000 3341
1000000 27384
1000000 26099
1000000 25946
1000000 25969
1000000 25981
1000000 22243
1000000 15777
1000000 28118
1000000 25952
1000000 22104
1000000 25937
1000000 26094
1000000 26020
1000000 22017
1000000 26078
1000000 26059
1000000 15955
1000000 27973
1000000 25890
1000000 17925
1000000 26033
1000000 25995
1000000 25912
1000000 15800
1000000 15751
1000000 30656
1000000 25935
1000000 15801
1000000 28328
1000000 25996
1000000 25798
1000000 25995
1000000 18061
1000000 15736
1000000 28244
1000000 25992
1000000 25936
1000000 26006
1000000 29929
1000000 26150
1000000 26130
1000000 29933
1000000 29935
1000000 24457
1000000 15759
1000000 25955
1000000 26068
1000000 15747
1000000 28277
1000000 18111
1000000 25903
1000000 26045
1000000 30083
1000000 29913
1000000 26060
1000000 26085
1000000 26116
1000000 26097
1000000 16603
1000000 19527
1000000 25996
1000000 30113
1000000 26766
1000000 25117
1000000 25916
1000000 25908
1000000 18087
1000000 25951
1000000 16543
1000000 26618
1000000 25978
1000000 26024
1000000 26071
1000000 26046
1000000 25946
1000000 25954
1000000 26038
1000000 26000
1000000 26130
1000000 26054
1000000 25217
1000000 31415
1000000 25421
1000000 26127
1000000 26124
1000000 23763
1000000 15816
1000000 22271
1000000 16247
1000000 27761
1000000 15732
1000000 32377
1000000 18051
1000000 15747
1000000 28173
1000000 30092
1000000 25830
1000000 26172
1000000 26135
1000000 18081
1000 305
1000 392
1000 368
1000 260
1000 321
1000 292
1000 234
1000 323
1000 368
1000 263
1000 235
1000 256
1000 338
1000 281
1000 231
1000 476
1000 305
1000 267
1000 277
1000 269
1000 253
1000 198
1000 172
1000 225
1000 186
1000 320
1000 222
1000 210
1000 204
1000 289
1000 246
1000 231
1000 176
1000 177
1000 199
1000 253
1000 248
1000 219
1000 171
1000 183
1000 163
1000 325
1000 308
1000 221
1000 314
1000 190
1000 191
1000 319
1000 204
1000 281
1000 272
1000 208
1000 320
1000 214
1000 284
1000 203
1000 187
1000 219
1000 185
1000 182
1000 282
1000 313
1000 328
1000 265
1000 267
1000 191
1000 305
1000 228
1000 234
1000 299
1000 281
1000 227
1000 268
1000 182
1000 153
1000 201
1000 277
1000 204
1000 190
1000 316
1000 184
1000 359
1000 361
1000 191
1000 204
1000 230
1000 201
1000 311
1000 266
1000 265
1000 335
1000 393
1000 310
1000 179
1000 245
1000 249
1000 285
1000 287
1000 208
1000 195
10000 475
10000 381
10000 541
10000 394
10000 450
10000 500
10000 481
10000 383
10000 459
10000 405
10000 399
10000 423
10000 424
10000 369
10000 439
10000 367
10000 428
10000 449
10000 373
10000 402
10000 407
10000 459
10000 337
10000 432
10000 411
10000 486
10000 494
10000 418
10000 483
10000 400
10000 418
10000 468
10000 455
10000 475
10000 495
10000 561
10000 592
10000 379
10000 488
10000 423
10000 968
10000 401
10000 467
10000 463
10000 357
10000 473
10000 424
10000 394
10000 483
10000 389
10000 392
10000 476
10000 419
10000 442
10000 489
10000 500
10000 374
10000 386
10000 408
10000 341
10000 347
10000 400
10000 362
10000 461
10000 448
10000 393
10000 421
10000 361
10000 542
10000 464
10000 489
10000 353
10000 427
10000 353
10000 375
10000 464
10000 482
10000 535
10000 436
10000 480
10000 385
10000 441
10000 431
10000 374
10000 432
10000 408
10000 347
10000 452
10000 562
10000 419
10000 407
10000 528
10000 436
10000 468
10000 419
10000 419
10000 381
10000 416
10000 447
10000 495
100000 2528
100000 1851
100000 3273
100000 2580
100000 2613
100000 2479
100000 1693
100000 2418
100000 2767
100000 2483
100000 3290
100000 3410
100000 3267
100000 2492
100000 3255
100000 3416
100000 2484
100000 2556
100000 2779
100000 2472
100000 2491
100000 3790
100000 2707
100000 3267
100000 3271
100000 3317
100000 3378
100000 2515
100000 2508
100000 2773
100000 2665
100000 2622
100000 1961
100000 3282
100000 2463
100000 2583
100000 2718
100000 2568
100000 3418
100000 2684
100000 2622
100000 3268
100000 2062
100000 3514
100000 1821
100000 3432
100000 3367
100000 3273
100000 2908
100000 3296
100000 2475
100000 2512
100000 2556
100000 2587
100000 2729
100000 2658
100000 2503
100000 2603
100000 2634
100000 2725
100000 2534
100000 1960
100000 3430
100000 1848
100000 3275
100000 4501
100000 2778
100000 2507
100000 2727
100000 2722
100000 3283
100000 2464
100000 3405
100000 2519
100000 2499
100000 3293
100000 3256
100000 3275
100000 2544
100000 1931
100000 2549
100000 1978
100000 1878
100000 2585
100000 1892
100000 3288
100000 2734
100000 3246
100000 2665
100000 2493
100000 2496
100000 3302
100000 1839
100000 2247
100000 3269
100000 2461
100000 3286
100000 3266
100000 2598
100000 3298
1000000 22194
1000000 15915
1000000 23630
1000000 23674
1000000 20543
1000000 18206
1000000 25237
1000000 18853
1000000 15976
1000000 20328
1000000 18297
1000000 23647
1000000 19938
1000000 15954
1000000 20294
1000000 23341
1000000 16502
1000000 23626
1000000 23713
1000000 16353
1000000 15926
1000000 23805
1000000 19344
1000000 17237
1000000 22404
1000000 16883
1000000 20210
1000000 23654
1000000 20295
1000000 22584
1000000 20431
1000000 16321
1000000 20250
1000000 17448
1000000 23822
1000000 20459
1000000 18249
1000000 23537
1000000 19610
1000000 22738
1000000 16082
1000000 20220
1000000 22016
1000000 22407
1000000 17567
1000000 23787
1000000 18558
1000000 23723
1000000 23731
1000000 17273
1000000 18220
1000000 23686
1000000 23885
1000000 23549
1000000 23647
1000000 17484
1000000 23602
1000000 17774
1000000 20263
1000000 15951
1000000 23724
1000000 18166
1000000 22039
1000000 15959
1000000 23663
1000000 19489
1000000 16496
1000000 21814
1000000 23665
1000000 23905
1000000 20611
1000000 19165
1000000 16556
1000000 18879
1000000 23641
1000000 23757
1000000 20284
1000000 19203
1000000 21320
1000000 23676
1000000 23595
1000000 23584
1000000 23567
1000000 19069
1000000 17770
1000000 19546
1000000 17256
1000000 21735
1000000 24634
1000000 19051
1000000 19027
1000000 23607
1000000 23568
1000000 23603
1000000 16326
1000000 22149
1000000 19735
1000000 23719
1000000 17248
1000000 23583
1000 301
1000 317
1000 301
1000 312
1000 383
1000 305
1000 299
1000 264
1000 246
1000 314
1000 293
1000 296
1000 323
1000 269
1000 301
1000 312
1000 746
1000 349
1000 278
1000 288
1000 273
1000 267
1000 289
1000 295
1000 284
1000 287
1000 294
1000 348
1000 283
1000 272
1000 359
1000 300
1000 260
1000 317
1000 248
1000 319
1000 241
1000 257
1000 260
1000 488
1000 280
1000 268
1000 279
1000 301
1000 272
1000 297
1000 253
1000 283
1000 378
1000 285
1000 296
1000 286
1000 280
1000 285
1000 329
1000 261
1000 321
1000 294
1000 249
1000 312
1000 307
1000 341
1000 296
1000 368
1000 286
1000 261
1000 309
1000 311
1000 1521
1000 432
1000 487
1000 325
1000 293
1000 330
1000 263
1000 387
1000 278
1000 279
1000 305
1000 314
1000 263
1000 294
1000 732
1000 315
1000 267
1000 276
1000 274
1000 383
1000 314
1000 290
1000 282
1000 274
1000 253
1000 260
1000 811
1000 366
1000 324
1000 282
1000 299
1000 381
10000 596
10000 454
10000 468
10000 371
10000 463
10000 551
10000 543
10000 414
10000 375
10000 443
10000 483
10000 413
10000 471
10000 408
10000 544
10000 502
10000 398
10000 472
10000 552
10000 511
10000 438
10000 481
10000 402
10000 419
10000 460
10000 459
10000 478
10000 462
10000 397
10000 463
10000 432
10000 497
10000 384
10000 457
10000 414
10000 414
10000 515
10000 493
10000 443
10000 418
10000 438
10000 481
10000 470
10000 398
10000 393
10000 538
10000 463
10000 383
10000 375
10000 448
10000 467
10000 463
10000 434
10000 391
10000 477
10000 504
10000 411
10000 375
10000 482
10000 413
10000 573
10000 432
10000 1745
10000 763
10000 403
10000 458
10000 500
10000 487
10000 448
10000 394
10000 440
10000 499
10000 438
10000 895
10000 470
10000 648
10000 502
10000 500
10000 412
10000 425
10000 391
10000 457
10000 397
10000 390
10000 497
10000 590
10000 410
10000 870
10000 564
10000 509
10000 430
10000 369
10000 451
10000 484
10000 412
10000 394
10000 430
10000 559
10000 476
10000 425
100000 2093
100000 2657
100000 2534
100000 2915
100000 3100
100000 2446
100000 3349
100000 2763
100000 3333
100000 3245
100000 2371
100000 2392
100000 2728
100000 2804
100000 2925
100000 2546
100000 3323
100000 3128
100000 2979
100000 3292
100000 2470
100000 3079
100000 2914
100000 2171
100000 2534
100000 2198
100000 1907
100000 2727
100000 2207
100000 2640
100000 2290
100000 3595
100000 2434
100000 2530
100000 2485
100000 3309
100000 2696
100000 2735
100000 3118
100000 3143
100000 2553
100000 2379
100000 2551
100000 2761
100000 2230
100000 2337
100000 2511
100000 2559
100000 2249
100000 3762
100000 1972
100000 2429
100000 2637
100000 3422
100000 2566
100000 2669
100000 2809
100000 3047
100000 2618
100000 3327
100000 2983
100000 2612
100000 3057
100000 2444
100000 2133
100000 2937
100000 2429
100000 3049
100000 2523
100000 2865
100000 3045
100000 2542
100000 3179
100000 2751
100000 2556
100000 3612
100000 3001
100000 2546
100000 2436
100000 2640
100000 2204
100000 2522
100000 3167
100000 2473
100000 3045
100000 2573
100000 2691
100000 2176
100000 3009
100000 2532
100000 2214
100000 2548
100000 2513
100000 2452
100000 3728
100000 2668
100000 2530
100000 2787
100000 2443
100000 2410
1000000 16083
1000000 20155
1000000 20024
1000000 16277
1000000 17628
1000000 19615
1000000 20016
1000000 19851
1000000 19847
1000000 18377
1000000 19895
1000000 19871
1000000 19792
1000000 19020
1000000 19910
1000000 22411
1000000 16015
1000000 20318
1000000 19848
1000000 20259
1000000 19295
1000000 20212
1000000 18898
1000000 16044
1000000 20052
1000000 20720
1000000 19944
1000000 17024
1000000 15988
1000000 20194
1000000 19829
1000000 19870
1000000 19777
1000000 17347
1000000 19935
1000000 19770
1000000 19794
1000000 19795
1000000 16415
1000000 19870
1000000 19792
1000000 20754
1000000 19933
1000000 16246
1000000 16409
1000000 18466
1000000 19168
1000000 16599
1000000 16977
1000000 20117
1000000 18951
1000000 19942
1000000 16278
1000000 18521
1000000 19773
1000000 18904
1000000 20750
1000000 18796
1000000 19868
1000000 16060
1000000 20142
1000000 18990
1000000 16139
1000000 16011
1000000 19811
1000000 19806
1000000 18767
1000000 18859
1000000 23797
1000000 21034
1000000 16697
1000000 19738
1000000 19221
1000000 19917
1000000 20249
1000000 19929
1000000 19672
1000000 18252
1000000 17827
1000000 16113
1000000 19780
1000000 18396
1000000 19864
1000000 19881
1000000 16090
1000000 19193
1000000 17382
1000000 19013
1000000 19818
1000000 18312
1000000 20376
1000000 20553
1000000 18741
1000000 17928
1000000 16552
1000000 20128
1000000 17431
1000000 19478
1000000 20168
1000000 19800
