1000 182
1000 173
1000 168
1000 145
1000 171
1000 144
1000 164
1000 169
1000 168
1000 145
1000 167
1000 136
1000 159
1000 172
1000 160
1000 469
1000 167
1000 132
1000 1214
1000 434
1000 152
1000 149
1000 166
1000 143
1000 159
1000 171
1000 161
1000 133
1000 138
1000 140
1000 170
1000 155
1000 159
1000 150
1000 145
1000 138
1000 137
1000 168
1000 158
1000 162
1000 161
1000 160
1000 170
1000 132
1000 160
1000 160
1000 132
1000 151
1000 157
1000 151
1000 155
1000 189
1000 164
1000 171
1000 171
1000 145
1000 136
1000 150
1000 164
1000 165
1000 170
1000 152
1000 171
1000 159
1000 157
1000 149
1000 136
1000 156
1000 133
1000 151
1000 132
1000 173
1000 154
1000 132
1000 146
1000 133
1000 161
1000 187
1000 162
1000 135
1000 173
1000 132
1000 138
1000 171
1000 151
1000 142
1000 175
1000 151
1000 154
1000 157
1000 151
1000 158
1000 152
1000 144
1000 157
1000 138
1000 135
1000 166
1000 145
1000 163
20000 725
20000 712
20000 719
20000 711
20000 793
20000 710
20000 728
20000 727
20000 773
20000 730
20000 732
20000 717
20000 748
20000 724
20000 730
20000 722
20000 756
20000 726
20000 705
20000 722
20000 863
20000 727
20000 728
20000 728
20000 714
20000 694
20000 722
20000 716
20000 887
20000 715
20000 693
20000 732
20000 729
20000 726
20000 719
20000 717
20000 728
20000 725
20000 722
20000 725
20000 726
20000 721
20000 730
20000 730
20000 728
20000 729
20000 720
20000 719
20000 699
20000 722
20000 726
20000 732
20000 729
20000 841
20000 727
20000 728
20000 722
20000 731
20000 723
20000 729
20000 717
20000 839
20000 711
20000 729
20000 726
20000 725
20000 733
20000 731
20000 701
20000 717
20000 732
20000 730
20000 702
20000 720
20000 719
20000 723
20000 719
20000 694
20000 817
20000 697
20000 704
20000 708
20000 726
20000 700
20000 727
20000 729
20000 863
20000 729
20000 730
20000 720
20000 674
20000 724
20000 721
20000 729
20000 726
20000 719
20000 705
20000 733
20000 700
20000 729
100000 6431
100000 6364
100000 6426
100000 6317
100000 6608
100000 6308
100000 6433
100000 6325
100000 6305
100000 6302
100000 6303
100000 6282
100000 6307
100000 6317
100000 6323
100000 6318
100000 6318
100000 6300
100000 6313
100000 6804
100000 6330
100000 6544
100000 6322
100000 6431
100000 6304
100000 6426
100000 6303
100000 6430
100000 6303
100000 6452
100000 6321
100000 6435
100000 6325
100000 6447
100000 6298
100000 6420
100000 6305
100000 6405
100000 6308
100000 6428
100000 6310
100000 6445
100000 6308
100000 6427
100000 6326
100000 6422
100000 6312
100000 6434
100000 6352
100000 6427
100000 6324
100000 6425
100000 6336
100000 6414
100000 6462
100000 6445
100000 6321
100000 6445
100000 6286
100000 6430
100000 6310
100000 6424
100000 6306
100000 6426
100000 6319
100000 6429
100000 6327
100000 6429
100000 6312
100000 6429
100000 6300
100000 6331
100000 6324
100000 6316
100000 6309
100000 6321
100000 6304
100000 6301
100000 6304
100000 6260
100000 6313
100000 6319
100000 6347
100000 6318
100000 6322
100000 6320
100000 6429
100000 6309
100000 6456
100000 6319
100000 6442
100000 6322
100000 6439
100000 6304
100000 6431
100000 6304
100000 6441
100000 6317
100000 6430
100000 6316
1000000 62738
1000000 62454
1000000 62565
1000000 62592
1000000 63201
1000000 62575
1000000 62580
1000000 62586
1000000 62635
1000000 62477
1000000 62614
1000000 62609
1000000 62514
1000000 62604
1000000 62726
1000000 62473
1000000 62586
1000000 62556
1000000 62607
1000000 62577
1000000 62599
1000000 62610
1000000 62631
1000000 62566
1000000 62610
1000000 62613
1000000 62512
1000000 62599
1000000 62737
1000000 63075
1000000 62630
1000000 62616
1000000 62626
1000000 62578
1000000 62506
1000000 62594
1000000 62623
1000000 62474
1000000 62614
1000000 62583
1000000 62522
1000000 62607
1000000 62575
1000000 62473
1000000 62598
1000000 62629
1000000 62659
1000000 62553
1000000 62607
1000000 62611
1000000 62633
1000000 62507
1000000 62612
1000000 62589
1000000 62460
1000000 62586
1000000 62635
1000000 62470
1000000 62650
1000000 62598
1000000 62502
1000000 62600
1000000 62594
1000000 62595
1000000 62610
1000000 62527
1000000 62622
1000000 62588
1000000 62493
1000000 62634
1000000 62607
1000000 62522
1000000 62553
1000000 62618
1000000 62600
1000000 62584
1000000 62600
1000000 62577
1000000 62619
1000000 63047
1000000 62634
1000000 62598
1000000 62489
1000000 62605
1000000 62610
1000000 62501
1000000 62599
1000000 62570
1000000 62599
1000000 62584
1000000 62654
1000000 62731
1000000 62591
1000000 62475
1000000 62653
1000000 62614
1000000 62472
1000000 62571
1000000 62594
1000000 62569
1000 127
1000 137
1000 125
1000 104
1000 129
1000 121
1000 125
1000 108
1000 115
1000 122
1000 106
1000 121
1000 112
1000 106
1000 122
1000 129
1000 124
1000 90
1000 102
1000 133
1000 124
1000 119
1000 128
1000 125
1000 107
1000 123
1000 127
1000 126
1000 127
1000 111
1000 129
1000 127
1000 103
1000 125
1000 102
1000 169
1000 108
1000 113
1000 113
1000 108
1000 122
1000 93
1000 110
1000 127
1000 122
1000 209
1000 93
1000 128
1000 124
1000 135
1000 131
1000 120
1000 105
1000 140
1000 122
1000 107
1000 124
1000 116
1000 128
1000 1347
1000 334
1000 121
1000 113
1000 104
1000 78
1000 115
1000 123
1000 115
1000 130
1000 129
1000 1785
1000 137
1000 126
1000 117
1000 112
1000 126
1000 125
1000 105
1000 128
1000 111
1000 130
1000 90
1000 125
1000 99
1000 96
1000 95
1000 111
1000 129
1000 125
1000 103
1000 111
1000 103
1000 101
1000 106
1000 114
1000 134
1000 131
1000 105
1000 125
1000 130
20000 408
20000 420
20000 411
20000 410
20000 405
20000 383
20000 383
20000 411
20000 380
20000 409
20000 392
20000 404
20000 406
20000 393
20000 415
20000 395
20000 403
20000 404
20000 405
20000 394
20000 366
20000 401
20000 407
20000 381
20000 397
20000 384
20000 402
20000 408
20000 403
20000 403
20000 407
20000 404
20000 406
20000 408
20000 408
20000 388
20000 405
20000 3833
20000 569
20000 388
20000 388
20000 382
20000 427
20000 406
20000 399
20000 395
20000 400
20000 421
20000 390
20000 402
20000 406
20000 408
20000 431
20000 376
20000 409
20000 398
20000 384
20000 432
20000 391
20000 386
20000 392
20000 407
20000 470
20000 409
20000 382
20000 406
20000 409
20000 407
20000 406
20000 413
20000 426
20000 387
20000 484
20000 384
20000 514
20000 403
20000 416
20000 409
20000 404
20000 408
20000 405
20000 403
20000 404
20000 403
20000 519
20000 405
20000 416
20000 392
20000 410
20000 417
20000 403
20000 403
20000 403
20000 414
20000 407
20000 406
20000 412
20000 395
20000 410
20000 413
100000 3219
100000 3203
100000 3459
100000 3216
100000 3229
100000 3221
100000 3183
100000 3212
100000 3228
100000 3210
100000 3228
100000 3218
100000 3206
100000 3301
100000 3212
100000 3207
100000 3330
100000 3220
100000 3217
100000 3332
100000 3221
100000 3209
100000 3338
100000 3221
100000 3225
100000 3232
100000 3264
100000 3222
100000 3216
100000 3221
100000 3209
100000 3204
100000 3238
100000 3206
100000 3220
100000 3339
100000 3206
100000 3205
100000 3330
100000 3235
100000 3223
100000 3331
100000 3216
100000 3219
100000 3303
100000 3212
100000 3569
100000 3341
100000 3192
100000 3181
100000 3231
100000 3161
100000 3181
100000 3226
100000 3201
100000 3228
100000 3227
100000 3328
100000 3203
100000 3221
100000 3344
100000 3206
100000 3231
100000 3328
100000 3206
100000 3221
100000 3305
100000 3216
100000 3223
100000 3234
100000 3208
100000 3209
100000 3230
100000 3195
100000 3209
100000 3208
100000 3205
100000 3228
100000 3216
100000 3334
100000 3197
100000 3218
100000 3316
100000 3210
100000 3231
100000 3328
100000 3684
100000 3242
100000 3324
100000 3209
100000 3228
100000 3324
100000 3208
100000 3208
100000 3218
100000 3220
100000 3519
100000 3599
100000 3218
100000 3218
1000000 31457
1000000 31322
1000000 31421
1000000 31419
1000000 31423
1000000 31425
1000000 31418
1000000 31445
1000000 31422
1000000 31425
1000000 31436
1000000 31438
1000000 31430
1000000 31425
1000000 31429
1000000 31433
1000000 31426
1000000 31507
1000000 31405
1000000 31417
1000000 31420
1000000 31414
1000000 31395
1000000 31441
1000000 31422
1000000 31417
1000000 31456
1000000 31387
1000000 31410
1000000 31456
1000000 31418
1000000 31427
1000000 31442
1000000 31459
1000000 31332
1000000 31411
1000000 31327
1000000 31445
1000000 31323
1000000 31435
1000000 31400
1000000 31529
1000000 31401
1000000 31436
1000000 31395
1000000 31435
1000000 31443
1000000 31441
1000000 31423
1000000 31463
1000000 31449
1000000 31441
1000000 31414
1000000 31376
1000000 31454
1000000 31516
1000000 31455
1000000 31398
1000000 31443
1000000 31412
1000000 31423
1000000 31415
1000000 31394
1000000 31433
1000000 31437
1000000 31438
1000000 31434
1000000 31433
1000000 31420
1000000 31322
1000000 31446
1000000 31326
1000000 31473
1000000 31338
1000000 31419
1000000 31293
1000000 31439
1000000 31436
1000000 31476
1000000 31421
1000000 31455
1000000 31433
1000000 31443
1000000 31414
1000000 31407
1000000 31431
1000000 31427
1000000 31473
1000000 31457
1000000 31401
1000000 31416
1000000 31379
1000000 31435
1000000 31408
1000000 31442
1000000 31419
1000000 31393
1000000 31448
1000000 31435
1000000 31419
1000 167
1000 161
1000 147
1000 126
1000 277
1000 296
1000 254
1000 183
1000 145
1000 295
1000 304
1000 149
1000 126
1000 152
1000 278
1000 119
1000 103
1000 147
1000 239
1000 251
1000 123
1000 328
1000 280
1000 112
1000 1340
1000 119
1000 109
1000 141
1000 278
1000 114
1000 172
1000 142
1000 140
1000 150
1000 264
1000 146
1000 142
1000 406
1000 254
1000 137
1000 305
1000 352
1000 321
1000 332
1000 321
1000 339
1000 317
1000 302
1000 315
1000 116
1000 342
1000 131
1000 141
1000 136
1000 293
1000 254
1000 140
1000 130
1000 257
1000 260
1000 289
1000 113
1000 138
1000 119
1000 146
1000 142
1000 136
1000 307
1000 244
1000 265
1000 383
1000 338
1000 244
1000 137
1000 125
1000 130
1000 359
1000 303
1000 243
1000 121
1000 255
1000 139
1000 200
1000 273
1000 156
1000 286
1000 295
1000 423
1000 194
1000 321
1000 243
1000 298
1000 154
1000 219
1000 253
1000 293
1000 274
1000 136
1000 261
1000 437
20000 433
20000 3988
20000 667
20000 470
20000 353
20000 470
20000 400
20000 400
20000 526
20000 416
20000 413
20000 424
20000 411
20000 433
20000 512
20000 395
20000 503
20000 484
20000 430
20000 403
20000 408
20000 394
20000 512
20000 585
20000 406
20000 397
20000 523
20000 476
20000 410
20000 484
20000 536
20000 466
20000 311
20000 466
20000 590
20000 431
20000 656
20000 524
20000 777
20000 416
20000 531
20000 464
20000 490
20000 449
20000 471
20000 481
20000 544
20000 470
20000 384
20000 422
20000 496
20000 396
20000 592
20000 502
20000 530
20000 395
20000 580
20000 417
20000 428
20000 423
20000 370
20000 427
20000 430
20000 600
20000 513
20000 419
20000 496
20000 396
20000 393
20000 790
20000 535
20000 421
20000 420
20000 502
20000 412
20000 327
20000 552
20000 497
20000 475
20000 421
20000 587
20000 398
20000 561
20000 577
20000 420
20000 406
20000 400
20000 444
20000 419
20000 398
20000 412
20000 410
20000 396
20000 482
20000 447
20000 411
20000 598
20000 428
20000 599
20000 419
100000 1654
100000 3349
100000 3261
100000 2258
100000 3364
100000 1632
100000 3259
100000 3386
100000 3262
100000 1645
100000 3248
100000 3362
100000 2094
100000 3249
100000 3338
100000 3232
100000 3239
100000 3185
100000 3448
100000 3245
100000 3242
100000 3266
100000 3248
100000 3252
100000 3242
100000 3236
100000 3242
100000 3261
100000 1651
100000 1723
100000 1660
100000 3249
100000 3258
100000 3242
100000 2634
100000 3248
100000 3228
100000 2805
100000 1792
100000 3240
100000 3249
100000 1652
100000 3268
100000 3245
100000 1728
100000 3231
100000 3256
100000 3243
100000 3238
100000 4833
100000 1643
100000 1657
100000 3245
100000 3268
100000 3358
100000 3256
100000 3251
100000 1746
100000 1683
100000 3243
100000 3236
100000 3235
100000 3250
100000 1646
100000 3419
100000 3254
100000 3248
100000 3371
100000 3241
100000 3263
100000 3504
100000 3246
100000 2583
100000 3250
100000 1653
100000 3255
100000 3242
100000 3509
100000 3209
100000 3239
100000 2018
100000 3244
100000 1644
100000 3244
100000 3209
100000 3212
100000 1645
100000 3373
100000 3262
100000 3242
100000 3359
100000 3302
100000 3250
100000 3484
100000 1645
100000 1644
100000 3238
100000 3372
100000 1757
100000 3231
1000000 26256
1000000 25984
1000000 15934
1000000 16183
1000000 25745
1000000 15781
1000000 15727
1000000 18990
1000000 15793
1000000 15768
1000000 15788
1000000 15738
1000000 31480
1000000 31488
1000000 17754
1000000 17246
1000000 27879
1000000 15787
1000000 28134
1000000 25886
1000000 18908
1000000 15784
1000000 27215
1000000 30013
1000000 15752
1000000 28400
1000000 25983
1000000 25986
1000000 25935
1000000 22912
1000000 25169
1000000 15785
1000000 19135
1000000 27040
1000000 17998
1000000 15775
1000000 28142
1000000 15800
1000000 15731
1000000 26284
1000000 19028
1000000 24968
1000000 15896
1000000 28092
1000000 26078
1000000 26020
1000000 26102
1000000 15797
1000000 15795
1000000 25959
1000000 15738
1000000 15867
1000000 26282
1000000 26031
1000000 15776
1000000 15785
1000000 26482
1000000 25827
1000000 15825
1000000 15784
1000000 26161
1000000 26011
1000000 15768
1000000 28035
1000000 26035
1000000 25889
1000000 15802
1000000 28228
1000000 26020
1000000 26138
1000000 15675
1000000 31509
1000000 26593
1000000 26060
1000000 15758
1000000 28239
1000000 15748
1000000 28249
1000000 26004
1000000 25924
1000000 27517
1000000 15754
1000000 16477
1000000 27922
1000000 25888
1000000 25985
1000000 18841
1000000 25011
1000000 15795
1000000 18965
1000000 16151
1000000 15752
1000000 27063
1000000 19034
1000000 16181
1000000 26748
1000000 25797
1000000 26159
1000000 25915
1000000 29998
1000 305
1000 280
1000 175
1000 269
1000 244
1000 178
1000 247
1000 226
1000 279
1000 230
1000 277
1000 300
1000 273
1000 221
1000 185
1000 545
1000 267
1000 240
1000 222
1000 257
1000 186
1000 177
1000 160
1000 286
1000 285
1000 203
1000 267
1000 266
1000 238
1000 156
1000 226
1000 194
1000 203
1000 285
1000 187
1000 208
1000 207
1000 192
1000 291
1000 186
1000 173
1000 176
1000 190
1000 208
1000 201
1000 182
1000 266
1000 198
1000 235
1000 174
1000 284
1000 278
1000 290
1000 276
1000 300
1000 277
1000 181
1000 154
1000 297
1000 267
1000 237
1000 206
1000 199
1000 187
1000 286
1000 224
1000 159
1000 196
1000 288
1000 923
1000 392
1000 221
1000 314
1000 293
1000 268
1000 287
1000 231
1000 307
1000 183
1000 171
1000 294
1000 315
1000 380
1000 240
1000 186
1000 307
1000 311
1000 183
1000 186
1000 187
1000 210
1000 175
1000 295
1000 190
1000 206
1000 256
1000 275
1000 371
1000 323
1000 320
20000 521
20000 333
20000 398
20000 393
20000 537
20000 407
20000 400
20000 465
20000 448
20000 414
20000 456
20000 421
20000 529
20000 382
20000 495
20000 332
20000 423
20000 456
20000 423
20000 455
20000 363
20000 423
20000 490
20000 402
20000 447
20000 360
20000 739
20000 473
20000 362
20000 480
20000 458
20000 471
20000 479
20000 362
20000 381
20000 511
20000 448
20000 425
20000 602
20000 345
20000 516
20000 351
20000 450
20000 455
20000 594
20000 502
20000 465
20000 369
20000 476
20000 382
20000 445
20000 463
20000 384
20000 453
20000 366
20000 371
20000 362
20000 583
20000 435
20000 474
20000 469
20000 406
20000 477
20000 392
20000 452
20000 381
20000 364
20000 380
20000 469
20000 378
20000 373
20000 512
20000 407
20000 429
20000 563
20000 419
20000 405
20000 493
20000 373
20000 380
20000 446
20000 516
20000 411
20000 513
20000 417
20000 379
20000 459
20000 480
20000 412
20000 408
20000 418
20000 518
20000 4044
20000 662
20000 444
20000 483
20000 457
20000 448
20000 586
20000 351
100000 2474
100000 3362
100000 3384
100000 2600
100000 2591
100000 2436
100000 1902
100000 1805
100000 2869
100000 3313
100000 2467
100000 2701
100000 2663
100000 3987
100000 1873
100000 2704
100000 2475
100000 2147
100000 2636
100000 3137
100000 2774
100000 2496
100000 2491
100000 2488
100000 2806
100000 2597
100000 3284
100000 2642
100000 2607
100000 2681
100000 2484
100000 2556
100000 3426
100000 2554
100000 3274
100000 3510
100000 2851
100000 2562
100000 2578
100000 2489
100000 3232
100000 2622
100000 1940
100000 3312
100000 2748
100000 2492
100000 3320
100000 3458
100000 2795
100000 2588
100000 3279
100000 2691
100000 3404
100000 2658
100000 3501
100000 3411
100000 3373
100000 2508
100000 2469
100000 3461
100000 2727
100000 2677
100000 2592
100000 3298
100000 3273
100000 3409
100000 3263
100000 3294
100000 3471
100000 1961
100000 2607
100000 2724
100000 1960
100000 2458
100000 3108
100000 3433
100000 2634
100000 3855
100000 3320
100000 2497
100000 3119
100000 2496
100000 2632
100000 3468
100000 3206
100000 2612
100000 3296
100000 3258
100000 3560
100000 2631
100000 3319
100000 3311
100000 4094
100000 2668
100000 3288
100000 3287
100000 3257
100000 4109
100000 3273
100000 3447
1000000 18019
1000000 23657
1000000 19456
1000000 23671
1000000 23696
1000000 23745
1000000 22282
1000000 21906
1000000 23827
1000000 23647
1000000 15937
1000000 23628
1000000 23876
1000000 23750
1000000 15930
1000000 23727
1000000 23735
1000000 23663
1000000 16071
1000000 17643
1000000 18237
1000000 19755
1000000 16084
1000000 23559
1000000 23610
1000000 19704
1000000 21224
1000000 23625
1000000 23681
1000000 22849
1000000 23650
1000000 23686
1000000 23676
1000000 20477
1000000 23703
1000000 23721
1000000 16011
1000000 16906
1000000 22049
1000000 26092
1000000 18253
1000000 23956
1000000 23912
1000000 17680
1000000 22513
1000000 23623
1000000 16010
1000000 19086
1000000 16401
1000000 21979
1000000 23731
1000000 23535
1000000 17204
1000000 18075
1000000 23647
1000000 23774
1000000 19121
1000000 21542
1000000 15860
1000000 23598
1000000 16323
1000000 20026
1000000 15958
1000000 23372
1000000 15848
1000000 23695
1000000 20704
1000000 23658
1000000 22411
1000000 23614
1000000 16084
1000000 23567
1000000 16421
1000000 23941
1000000 20159
1000000 21933
1000000 23507
1000000 20283
1000000 18002
1000000 19233
1000000 20580
1000000 15999
1000000 20030
1000000 23720
1000000 19678
1000000 22170
1000000 15907
1000000 23817
1000000 22389
1000000 16028
1000000 15951
1000000 23731
1000000 16248
1000000 23657
1000000 16267
1000000 19115
1000000 20768
1000000 23585
1000000 23548
1000000 22715
1000 339
1000 284
1000 287
1000 272
1000 293
1000 351
1000 322
1000 275
1000 260
1000 274
1000 295
1000 292
1000 310
1000 262
1000 347
1000 310
1000 254
1000 265
1000 286
1000 285
1000 350
1000 295
1000 269
1000 326
1000 309
1000 305
1000 1137
1000 467
1000 303
1000 298
1000 291
1000 310
1000 309
1000 280
1000 315
1000 283
1000 307
1000 380
1000 333
1000 260
1000 396
1000 606
1000 628
1000 363
1000 302
1000 514
1000 296
1000 298
1000 298
1000 283
1000 281
1000 341
1000 329
1000 334
1000 947
1000 378
1000 310
1000 298
1000 286
1000 315
1000 253
1000 265
1000 279
1000 278
1000 312
1000 353
1000 679
1000 399
1000 375
1000 279
1000 267
1000 301
1000 299
1000 342
1000 316
1000 284
1000 279
1000 814
1000 308
1000 306
1000 283
1000 260
1000 295
1000 276
1000 320
1000 271
1000 247
1000 321
1000 292
1000 271
1000 338
1000 309
1000 300
1000 306
1000 276
1000 247
1000 295
1000 350
1000 313
1000 309
20000 418
20000 446
20000 516
20000 590
20000 631
20000 409
20000 465
20000 429
20000 463
20000 484
20000 449
20000 468
20000 865
20000 475
20000 452
20000 470
20000 405
20000 517
20000 408
20000 438
20000 433
20000 394
20000 385
20000 481
20000 371
20000 471
20000 427
20000 450
20000 467
20000 522
20000 451
20000 391
20000 503
20000 398
20000 436
20000 456
20000 447
20000 565
20000 529
20000 407
20000 483
20000 388
20000 513
20000 428
20000 392
20000 458
20000 383
20000 464
20000 415
20000 454
20000 413
20000 377
20000 482
20000 448
20000 449
20000 462
20000 2111
20000 723
20000 728
20000 469
20000 418
20000 410
20000 441
20000 438
20000 445
20000 407
20000 486
20000 399
20000 483
20000 402
20000 531
20000 377
20000 441
20000 456
20000 422
20000 448
20000 454
20000 412
20000 535
20000 554
20000 451
20000 432
20000 532
20000 436
20000 446
20000 479
20000 399
20000 478
20000 426
20000 470
20000 408
20000 404
20000 481
20000 400
20000 486
20000 693
20000 431
20000 477
20000 469
20000 393
100000 2394
100000 2888
100000 2345
100000 2418
100000 2553
100000 3434
100000 2660
100000 3128
100000 2666
100000 2533
100000 2869
100000 2759
100000 2774
100000 2115
100000 2254
100000 3118
100000 2239
100000 2638
100000 2755
100000 3068
100000 2892
100000 2337
100000 2695
100000 2659
100000 2654
100000 2552
100000 2749
100000 2565
100000 2632
100000 2910
100000 2261
100000 2165
100000 2556
100000 3045
100000 2691
100000 3812
100000 2616
100000 2141
100000 3226
100000 2334
100000 2527
100000 3708
100000 2798
100000 2593
100000 2848
100000 2938
100000 3214
100000 2463
100000 2189
100000 2735
100000 2686
100000 2967
100000 2456
100000 3026
100000 1972
100000 2558
100000 2640
100000 2138
100000 2762
100000 2317
100000 3171
100000 2490
100000 2537
100000 3685
100000 2419
100000 3479
100000 2582
100000 2565
100000 2286
100000 2026
100000 2668
100000 2346
100000 2538
100000 3219
100000 3024
100000 2779
100000 2684
100000 2146
100000 2271
100000 2329
100000 2786
100000 3230
100000 2819
100000 2518
100000 2835
100000 3444
100000 2650
100000 3265
100000 2627
100000 2711
100000 3110
100000 2940
100000 2545
100000 2538
100000 2670
100000 2360
100000 2378
100000 2409
100000 3006
100000 2983
1000000 16017
1000000 24103
1000000 16186
1000000 19987
1000000 19844
1000000 16066
1000000 17189
1000000 18248
1000000 19772
1000000 19809
1000000 18145
1000000 19786
1000000 19851
1000000 16075
1000000 16161
1000000 19838
1000000 16831
1000000 18265
1000000 16192
1000000 22321
1000000 17308
1000000 19919
1000000 19819
1000000 19892
1000000 17292
1000000 16233
1000000 16104
1000000 24020
1000000 19777
1000000 19815
1000000 19771
1000000 20036
1000000 16118
1000000 16065
1000000 19864
1000000 18124
1000000 17642
1000000 17916
1000000 16129
1000000 20060
1000000 19801
1000000 19546
1000000 19871
1000000 19968
1000000 18165
1000000 19855
1000000 19790
1000000 20160
1000000 16154
1000000 17697
1000000 19952
1000000 19363
1000000 16052
1000000 20247
1000000 19881
1000000 19945
1000000 20080
1000000 16432
1000000 19870
1000000 23228
1000000 18722
1000000 17972
1000000 19804
1000000 19869
1000000 19899
1000000 19918
1000000 16151
1000000 19904
1000000 18224
1000000 16072
1000000 19892
1000000 18174
1000000 16917
1000000 16043
1000000 19885
1000000 19264
1000000 16773
1000000 19893
1000000 19774
1000000 20383
1000000 19883
1000000 18423
1000000 20058
1000000 19202
1000000 18305
1000000 17970
1000000 19886
1000000 19843
1000000 21269
1000000 16129
1000000 18770
1000000 19912
1000000 16074
1000000 19871
1000000 18579
1000000 19730
1000000 19771
1000000 19932
1000000 19823
1000000 19282
